1.376787297176242805e-07 -7.071065549979452802e-01 7.071070073750640450e-01 0.000000000000000000e+00
-9.999999999996975752e-01 -6.386522726681429779e-07 -4.439447995512349945e-07 0.000000000000000000e+00
7.655117750995812800e-07 -7.071070073747890428e-01 -7.071065549978192699e-01 0.000000000000000000e+00
0.000000000000000000e+00 0.000000000000000000e+00 0.000000000000000000e+00 1.000000000000000000e+00
